2
2
2
2
4
4
4
4
4
4
4
4
4
4
4
4
4
4
4
4
4
4
4
4
4
4
4
4
4
4
4
4
4
4
4
4
4
4
4
4
4
4
4
4
4
4
4
4
4
4
4
4
4
4
4
4
4
4
4
4
4
4
4
4
4
4
4
4
4
4
4
4
4
4
4
4
4
4
4
4
4
4
4
4
4
4
4
4
4
4
4
4
4
4
4
4
4
4
4
4
4
4
4
4
4
4
4
4
4
4
4
4
4
4
4
19
1094
1094
1094
1094
1094
1094
1094
1404
1404
1404
1404
1404
1404
1404
1404
1404
1404
1404
1404
1438
1438
1438
1470
1742
1742
1742
1742
1742
1742
1742
1742
1742
1742
1742
1742
1742
1742
1742
1742
1742
1742
1742
1742
2432
2432
2512
2512
2512
2512
2512
2512
2512
2512
2592
2592
2740
2740
2740
2740
2740
2740
2740
2740
2740
2740
2740
2740
2740
2740
2740
2740
2740
2740
2740
2740
2740
2740
2740
2740
2740
2740
2740
2740
2740
2740
2740
2740
3001
2740
2740
2740
2740
2740
2740
2740
2740
2740
2740
2740
2740
2740
2740
2740
2740
2740
2740
2740
2740
2740
2740
2740
2740
2740
2740
2740
2740
2740
2740
2740
2740
2740
2740
2740
2740
2740
2740
2740
2740
2740
2740
2740
2740
2740
2740
2740
2740
2740
2740
2740
2740
2740
2740
2740
2740
2740
2740
2740
2740
2740
2740
2740
2740
2740
2740
2740
2740
2740
2740
2740
2740
2740
2740
2740
2740
2740
2740
2740
2740
2740
2740
2740
2740
2740
2740
2740
2740
2740
2740
2740
2740
2740
2740
2740
2740
2740
2740
2740
2740
2740
2740
2740
2740
2740
2740
2740
2740
2740
2740
2740
2740
2740
2740
2740
2740
2740
2740
2740
2740
2740
2740
2740
2740
2740
2740
2740
2740
2740
2740
2740
2740
2740
2740
2740
2740
2740
2740
2740
2740
2740
2740
2740
2740
2740
2740
2740
2740
2740
2740
2740
2740
2740
2740
2740
2740
2740
2740
2740
2740
2740
2740
2740
2740
2740
2740
2740
2740
2740
2740
2740
2740
2740
2740
2740
2740
2740
2740
2740
2740
2740
2740
2740
2740
2740
2740
2740
2740
2740
2740
2740
2740
2740
2740
2740
2740
2740
2740
2740
2740
2740
2740
2740
2740
2740
2740
2740
2740
2740
2740
2740
2740
2740
2740
2740
2740
2740
2740
2740
2740
2822
2822
2822
2822
2822
2822
2822
2822
2822
2822
2822
2822
2822
2822
2822
2822
2822
2822
2822
2822
2822
2822
2822
2822
2822
2822
2822
2822
2822
2822
2822
2822
2822
2822
2822
2822
2822
2822
2822
2822
2822
2822
2822
2822
2822
2822
2822
2822
2822
2822
2822
2822
2822
2822
2822
2822
2822
2822
2822
2822
2822
2822
2822
2822
2822
2822
2822
2822
2822
2822
2822
2822
2822
2822
2822
2822
2822
2822
2822
2822
2822
